|Department   |Year |KEN_Code|Provider         |Total_Hospitalizations|Base_Revenue|Extra_Revenue|Total_Revenue|
|-------------|-----|--------|-----------------|----------------------|------------|-------------|-------------|
|Ακτινολογικό |2,026|S01Α    |ΕΦΚΑ             |1                     |540         |5,940        |1,585.01     |
|Ακτινολογικό |2,026|W10Α    |ιδιωτική ασφάλεια|1                     |2,014       |4,699.333333 |590.78       |
|Ακτινολογικό |2,026|Κ03Χ    |ΕΦΚΑ             |1                     |11,734      |0            |641          |
|Ακτινολογικό |2,026|Κ14Χ    |ιδιωτική ασφάλεια|1                     |1,277       |7,662        |2,435.16     |
|Ακτινολογικό |2,026|Κ33Α    |ιδιωτική ασφάλεια|1                     |3,132       |240.923077   |1,247.85     |
|Ακτινολογικό |2,026|Μ12Μα   |ανασφάλιστος     |1                     |5,478       |0            |4,046.51     |
|Ακτινολογικό |2,026|Μ19Χ    |ανασφάλιστος     |1                     |1,904       |0            |3,186.11     |
|Ακτινολογικό |2,026|Μ27Μ    |ΕΦΚΑ             |1                     |2,179       |968.444444   |3,107.39     |
|Ακτινολογικό |2,026|Μ28Χ    |ιδιωτική ασφάλεια|1                     |1,379       |0            |4,999.19     |
|Ακτινολογικό |2,026|Μ69Χ    |ιδιωτική ασφάλεια|1                     |428         |1,284        |1,593.39     |
|Ακτινολογικό |2,026|Ο02Α    |ανασφάλιστος     |1                     |1,611       |2,148        |4,445.2      |
|Ακτινολογικό |2,026|Ο03Α    |ανασφάλιστος     |1                     |837         |837          |1,504.83     |
|Ακτινολογικό |2,026|Π05Μα   |ανασφάλιστος     |1                     |3,329       |0            |2,610.82     |
|Ακτινολογικό |2,026|Υ04Χβ   |ανασφάλιστος     |1                     |1,605       |2,140        |3,771.11     |
|Ακτινολογικό |2,026|Φ02Χ    |ιδιωτική ασφάλεια|1                     |8,412       |0            |709.87       |
|Ακτινολογικό |2,026|Φ11Μ    |ΕΦΚΑ             |1                     |3,657       |0            |3,713.17     |
|Ακτινολογικό |2,026|Χ48Α    |ΕΦΚΑ             |1                     |3,261       |1,304.4      |768.86       |
|Γυναικολογικό|2,026|S24Χ    |ΕΦΚΑ             |1                     |216         |216          |2,750.31     |
|Γυναικολογικό|2,026|Α33Χ    |ανασφάλιστος     |1                     |607         |809.333333   |3,370.2      |
|Γυναικολογικό|2,026|Γ10Α    |ΕΦΚΑ             |1                     |425         |3,400        |3,620.16     |
|Γυναικολογικό|2,026|Γ22Α    |ιδιωτική ασφάλεια|1                     |257         |3,598        |553.66       |
|Γυναικολογικό|2,026|Ζ01Α    |ανασφάλιστος     |1                     |36,068      |0            |3,395.85     |
|Γυναικολογικό|2,026|Κ09Μβ   |ανασφάλιστος     |1                     |3,617       |0            |863.24       |
|Γυναικολογικό|2,026|Κ43Χ    |ιδιωτική ασφάλεια|1                     |397         |1,191        |650.64       |
|Γυναικολογικό|2,026|Μ19Χ    |ιδιωτική ασφάλεια|1                     |1,904       |952          |2,349.41     |
|Γυναικολογικό|2,026|Ν38Χ    |ΕΦΚΑ             |1                     |879         |879          |1,164.22     |
|Γυναικολογικό|2,026|Π44Χ    |ΕΦΚΑ             |1                     |1,073       |536.5        |2,448.54     |
|Γυναικολογικό|2,026|Π47Χ    |ανασφάλιστος     |1                     |335         |1,507.5      |2,406.06     |
|Γυναικολογικό|2,026|ΤΚΑ 16  |ανασφάλιστος     |1                     |1,000       |0            |4,121.53     |
|Γυναικολογικό|2,026|Υ09Χα   |ΕΦΚΑ             |1                     |1,919       |2,398.75     |1,674.02     |
|Γυναικολογικό|2,026|Φ22Χ    |ανασφάλιστος     |1                     |827         |4,962        |2,993.06     |
|Γυναικολογικό|2,026|Χ41Α    |ανασφάλιστος     |1                     |3,066       |0            |1,730.42     |
|Δερματολογικό|2,026|Α31Μ    |ΕΦΚΑ             |1                     |1,798       |0            |794.93       |
|Δερματολογικό|2,026|Β24Α    |ΕΦΚΑ             |1                     |296         |3,552        |1,988.46     |
|Δερματολογικό|2,026|Γ20Χ    |ΕΦΚΑ             |1                     |755         |2,265        |932.71       |
|Δερματολογικό|2,026|Δ27Χ    |ΕΦΚΑ             |1                     |199         |2,189        |952.63       |
|Δερματολογικό|2,026|Δ28Α    |ΕΦΚΑ             |1                     |382         |2,674        |2,033.25     |
|Δερματολογικό|2,026|Κ08Χ    |ανασφάλιστος     |1                     |5,561       |0            |4,897.99     |
|Δερματολογικό|2,026|Ν28Μ    |ιδιωτική ασφάλεια|1                     |1,907       |0            |2,705.05     |
|Δερματολογικό|2,026|Π05Μα   |ΕΦΚΑ             |1                     |3,329       |0            |4,109.94     |
|Δερματολογικό|2,026|Π12Μβ   |ανασφάλιστος     |1                     |1,932       |1,656        |2,328.61     |
|Δερματολογικό|2,026|Π41Χ    |ιδιωτική ασφάλεια|1                     |412         |206          |4,621.05     |
|Δερματολογικό|2,026|Ρ10Μα   |ιδιωτική ασφάλεια|1                     |7,118       |0            |626.72       |
|Δερματολογικό|2,026|Υ20Μβ   |ιδιωτική ασφάλεια|1                     |1,300       |0            |3,810.67     |
|Επείγοντα    |2,026|Ε12Α    |ανασφάλιστος     |1                     |6,414       |2,138        |2,947.04     |
|Επείγοντα    |2,026|Θ23Χ    |ανασφάλιστος     |1                     |405         |1,215        |4,131.07     |
|Επείγοντα    |2,026|Κ33Χ    |ΕΦΚΑ             |1                     |669         |1,338        |1,978.95     |
|Επείγοντα    |2,026|Φ02Μ    |ΕΦΚΑ             |1                     |9,426       |0            |2,620.36     |
|Επείγοντα    |2,026|Ω31Α    |ΕΦΚΑ             |1                     |444         |1,554        |1,222.19     |
|Καρδιολογία  |2,026|S24Χ    |ανασφάλιστος     |1                     |216         |2,160        |4,785.6      |
|Καρδιολογία  |2,026|Α27Μ    |ιδιωτική ασφάλεια|1                     |864         |2,160        |2,830.52     |
|Καρδιολογία  |2,026|Α32Α    |ανασφάλιστος     |1                     |846         |0            |1,513.39     |
|Καρδιολογία  |2,026|Ε04Α    |ΕΦΚΑ             |1                     |30,015      |0            |3,500.34     |
|Καρδιολογία  |2,026|Θ20Χ    |ιδιωτική ασφάλεια|2                     |2,311       |3,321.571429 |4,764.18     |
|Καρδιολογία  |2,026|Ι24Α    |ανασφάλιστος     |1                     |599         |1,198        |4,521.71     |
|Καρδιολογία  |2,026|Κ08Μ    |ιδιωτική ασφάλεια|1                     |8,956       |0            |2,829.48     |
|Καρδιολογία  |2,026|Κ39Μ    |ιδιωτική ασφάλεια|1                     |1,268       |0            |3,259.84     |
|Καρδιολογία  |2,026|Μ12Χ    |ιδιωτική ασφάλεια|1                     |1,665       |0            |3,592.33     |
|Καρδιολογία  |2,026|Μ13Χ    |ιδιωτική ασφάλεια|1                     |2,083       |0            |2,466.9      |
|Καρδιολογία  |2,026|Μ28Χ    |ανασφάλιστος     |1                     |1,379       |689.5        |1,207.57     |
|Καρδιολογία  |2,026|Ν26Χ    |ιδιωτική ασφάλεια|1                     |872         |872          |1,374.85     |
|Καρδιολογία  |2,026|Ν30Μα   |ανασφάλιστος     |1                     |3,408       |0            |2,267.99     |
|Καρδιολογία  |2,026|Ω02Χ    |ιδιωτική ασφάλεια|1                     |1,609       |10,458.5     |3,709.16     |
|ΜΕΘ          |2,026|Α02Μα   |ανασφάλιστος     |1                     |3,922       |0            |3,982.11     |
|ΜΕΘ          |2,026|Δ13Μ    |ιδιωτική ασφάλεια|1                     |2,856       |0            |3,387.61     |
|ΜΕΘ          |2,026|Η02Χ    |ανασφάλιστος     |1                     |2,079       |346.5        |2,838.36     |
|ΜΕΘ          |2,026|Η20Χ    |ιδιωτική ασφάλεια|1                     |1,517       |303.4        |503.91       |
|ΜΕΘ          |2,026|Κ07Μβ   |ΕΦΚΑ             |1                     |7,279       |0            |4,459.77     |
|ΜΕΘ          |2,026|Μ17Χ    |ΕΦΚΑ             |1                     |1,764       |2,646        |2,770.93     |
|ΜΕΘ          |2,026|Μ23Α    |ΕΦΚΑ             |1                     |661         |7,271        |1,992.49     |
|ΜΕΘ          |2,026|Μ31Μ    |ΕΦΚΑ             |1                     |11,675      |0            |4,604.58     |
|ΜΕΘ          |2,026|Μ64Χ    |ιδιωτική ασφάλεια|1                     |1,175       |0            |1,681.8      |
|ΜΕΘ          |2,026|Μ79Μ    |ανασφάλιστος     |1                     |2,942       |0            |4,101.17     |
|ΜΕΘ          |2,026|Π07Μ    |ΕΦΚΑ             |1                     |1,550       |0            |1,668.08     |
|ΜΕΘ          |2,026|Ρ24Μβ   |ΕΦΚΑ             |1                     |1,401       |700.5        |919.07       |
|ΜΕΘ          |2,026|Σ02Χα   |ανασφάλιστος     |1                     |3,109       |388.625      |3,697.87     |
|ΜΕΘ          |2,026|Τ22Α    |ιδιωτική ασφάλεια|1                     |30,725      |0            |546.91       |
|ΜΕΘ          |2,026|Τ25Μγ   |ιδιωτική ασφάλεια|1                     |3,158       |0            |2,755.66     |
|ΜΕΘ          |2,026|Φ01Α    |ανασφάλιστος     |1                     |12,204      |0            |3,418.67     |
|Νευρολογικό  |2,026|S01Α    |ιδιωτική ασφάλεια|1                     |540         |2,160        |4,944.5      |
|Νευρολογικό  |2,026|Α24Μ    |ανασφάλιστος     |1                     |1,821       |1,593.375    |4,558.29     |
|Νευρολογικό  |2,026|Α30Μ    |ΕΦΚΑ             |1                     |1,331       |1,597.2      |3,037.31     |
|Νευρολογικό  |2,026|Α31Χ    |ιδιωτική ασφάλεια|1                     |910         |728          |926.42       |
|Νευρολογικό  |2,026|Γ20Χ    |ιδιωτική ασφάλεια|1                     |755         |1,761.666667 |1,410.66     |
|Νευρολογικό  |2,026|Θ21Α    |ΕΦΚΑ             |1                     |2,599       |0            |653.49       |
|Νευρολογικό  |2,026|Κ06Χ    |ΕΦΚΑ             |1                     |5,077       |4,351.714286 |835.24       |
|Νευρολογικό  |2,026|Κ42Μ    |ΕΦΚΑ             |2                     |2,996       |235.5        |9,522.68     |
|Νευρολογικό  |2,026|Κ42Χ    |ιδιωτική ασφάλεια|2                     |1,401       |3,222.3      |8,452.12     |
|Νευρολογικό  |2,026|Κ43Μ    |ΕΦΚΑ             |2                     |2,584       |740.375      |6,805.02     |
|Νευρολογικό  |2,026|Μ03Μ    |ανασφάλιστος     |1                     |6,307       |0            |638.6        |
|Νευρολογικό  |2,026|Μ12Μα   |ΕΦΚΑ             |1                     |5,478       |0            |1,307.55     |
|Νευρολογικό  |2,026|Υ25Μ    |ΕΦΚΑ             |1                     |1,128       |376          |822.26       |
|Ορθοπεδικό   |2,026|Α27Χ    |ανασφάλιστος     |1                     |350         |1,575        |926.24       |
|Ορθοπεδικό   |2,026|Α34Χ    |ΕΦΚΑ             |1                     |638         |0            |4,388.33     |
|Ορθοπεδικό   |2,026|Γ04Χ    |ιδιωτική ασφάλεια|1                     |1,525       |5,083.333333 |2,776.22     |
|Ορθοπεδικό   |2,026|Δ20Μ    |ανασφάλιστος     |1                     |2,669       |0            |3,951.01     |
|Ορθοπεδικό   |2,026|Δ27Χ    |ΕΦΚΑ             |1                     |199         |199          |3,392.22     |
|Ορθοπεδικό   |2,026|Ζ22Μ    |ΕΦΚΑ             |1                     |1,167       |0            |3,055.05     |
|Ορθοπεδικό   |2,026|Θ22Μ    |ιδιωτική ασφάλεια|1                     |1,393       |796          |4,549.47     |
|Ορθοπεδικό   |2,026|Κ03Χ    |ΕΦΚΑ             |1                     |11,734      |0            |918.96       |
|Ορθοπεδικό   |2,026|Κ05Μ    |ανασφάλιστος     |1                     |10,023      |0            |618.04       |
|Ορθοπεδικό   |2,026|Κ22Α    |ιδιωτική ασφάλεια|1                     |7,753       |0            |4,021.2      |
|Ορθοπεδικό   |2,026|Ν23Α    |ανασφάλιστος     |1                     |2,109       |0            |4,643.59     |
|Ορθοπεδικό   |2,026|Ν32Μ    |ανασφάλιστος     |1                     |3,175       |0            |4,452.54     |
|Ορθοπεδικό   |2,026|Ο20Μ    |ανασφάλιστος     |1                     |1,860       |1,627.5      |1,852.61     |
|Ορθοπεδικό   |2,026|Π12Μβ   |ανασφάλιστος     |1                     |1,932       |276          |1,965.05     |
|Ορθοπεδικό   |2,026|Π27Α    |ανασφάλιστος     |1                     |265         |2,915        |2,676.98     |
|Ορθοπεδικό   |2,026|Ρ21Μ    |ιδιωτική ασφάλεια|1                     |1,556       |0            |3,072.78     |
|Ορθοπεδικό   |2,026|Ρ22Μ    |ανασφάλιστος     |1                     |1,105       |221          |917.49       |
|Ορθοπεδικό   |2,026|Υ02Χ    |ανασφάλιστος     |1                     |1,189       |4,161.5      |3,222.88     |
|Ορθοπεδικό   |2,026|Υ09Χα   |ιδιωτική ασφάλεια|1                     |1,919       |0            |4,284.75     |
|Ορθοπεδικό   |2,026|Φ25Χ    |ΕΦΚΑ             |1                     |700         |700          |4,414.54     |
|Ορθοπεδικό   |2,026|Ω30Μ    |ανασφάλιστος     |1                     |2,288       |762.666667   |884.62       |
|Ουρολογικό   |2,026|Α21Μ    |ΕΦΚΑ             |1                     |2,187       |795.272727   |2,592.33     |
|Ουρολογικό   |2,026|Κ43Μ    |ΕΦΚΑ             |2                     |2,584       |2,587.25     |5,180.16     |
|Ουρολογικό   |2,026|Λ03Χ    |ανασφάλιστος     |1                     |886         |3,101        |706.81       |
|Ουρολογικό   |2,026|Π04Χ    |ανασφάλιστος     |1                     |1,578       |3,156        |4,136.57     |
|Ουρολογικό   |2,026|Π12Μβ   |ΕΦΚΑ             |2                     |3,864       |276          |7,848.22     |
|Ουρολογικό   |2,026|Σ04Μ    |ιδιωτική ασφάλεια|1                     |1,694       |968          |677.97       |
|Ουρολογικό   |2,026|Φ04Χ    |ανασφάλιστος     |1                     |5,558       |505.272727   |1,448.93     |
|Ουρολογικό   |2,026|Ω06Α    |ΕΦΚΑ             |1                     |1,125       |4,500        |4,720.98     |
|Ουρολογικό   |2,026|Ω20Α    |ανασφάλιστος     |1                     |557         |4,456        |524.28       |
|Ουρολογικό   |2,026|Ω37Α    |ανασφάλιστος     |1                     |254         |762          |4,006.75     |
|Οφθαλμολογικό|2,026|Α29Χ    |ΕΦΚΑ             |1                     |397         |1,985        |2,119.14     |
|Οφθαλμολογικό|2,026|Κ09Μα   |ΕΦΚΑ             |1                     |6,413       |0            |1,893.61     |
|Οφθαλμολογικό|2,026|Μ31Μ    |ανασφάλιστος     |1                     |11,675      |0            |3,736.57     |
|Οφθαλμολογικό|2,026|Π12Μα   |ιδιωτική ασφάλεια|1                     |4,177       |0            |2,143.3      |
|Οφθαλμολογικό|2,026|Π42Α    |ΕΦΚΑ             |1                     |1,097       |0            |2,863.34     |
|Οφθαλμολογικό|2,026|Ρ24Μα   |ΕΦΚΑ             |1                     |3,773       |0            |3,699.16     |
|Οφθαλμολογικό|2,026|Σ02Μ    |ιδιωτική ασφάλεια|1                     |5,777       |0            |4,616.03     |
|Οφθαλμολογικό|2,026|Σ04Μ    |ιδιωτική ασφάλεια|1                     |1,694       |0            |4,939.99     |
|Οφθαλμολογικό|2,026|ΤΚΑ 01  |ανασφάλιστος     |1                     |1,000       |857.142857   |933.56       |
|Οφθαλμολογικό|2,026|ΤΚΑ 11  |ιδιωτική ασφάλεια|1                     |1,000       |0            |4,487.79     |
|Οφθαλμολογικό|2,026|Υ04Μ    |ιδιωτική ασφάλεια|1                     |4,355       |0            |1,760.27     |
|Οφθαλμολογικό|2,026|Φ60Χ    |ΕΦΚΑ             |1                     |288         |1,872        |1,315.28     |
|Παθολογικό   |2,026|W13Α    |ιδιωτική ασφάλεια|1                     |685         |1,370        |2,510.31     |
|Παθολογικό   |2,026|Δ07Α    |ανασφάλιστος     |1                     |605         |605          |1,601.27     |
|Παθολογικό   |2,026|Κ18Μ    |ιδιωτική ασφάλεια|1                     |2,226       |636          |4,486.15     |
|Παθολογικό   |2,026|Μ13Χ    |ανασφάλιστος     |1                     |2,083       |0            |2,068.21     |
|Παθολογικό   |2,026|Μ28Μ    |ΕΦΚΑ             |1                     |2,639       |0            |3,764.34     |
|Παθολογικό   |2,026|Μ61Χ    |ανασφάλιστος     |1                     |856         |642          |3,222.4      |
|Παθολογικό   |2,026|Μ68Α    |ιδιωτική ασφάλεια|1                     |151         |1,812        |4,812.62     |
|Παθολογικό   |2,026|Ν07Χ    |ΕΦΚΑ             |1                     |1,110       |4,440        |4,777.55     |
|Παθολογικό   |2,026|Ν40Α    |ΕΦΚΑ             |1                     |272         |3,808        |2,792.31     |
|Παιδιατρικό  |2,026|Α31Μ    |ανασφάλιστος     |1                     |1,798       |799.111111   |643.34       |
|Παιδιατρικό  |2,026|Α32Α    |ΕΦΚΑ             |1                     |846         |423          |2,010.49     |
|Παιδιατρικό  |2,026|Γ20Χ    |ανασφάλιστος     |1                     |755         |1,510        |1,222.01     |
|Παιδιατρικό  |2,026|Ε06Χγ   |ανασφάλιστος     |1                     |8,261       |0            |3,578.7      |
|Παιδιατρικό  |2,026|Ζ22Χ    |ανασφάλιστος     |1                     |397         |0            |1,429.82     |
|Παιδιατρικό  |2,026|Θ20Μ    |ανασφάλιστος     |2                     |6,031       |650.625      |5,241.04     |
|Παιδιατρικό  |2,026|Κ44Α    |ιδιωτική ασφάλεια|1                     |311         |3,421        |3,677.12     |
|Παιδιατρικό  |2,026|Μ32Χ    |ανασφάλιστος     |1                     |9,147       |0            |2,476.56     |
|Παιδιατρικό  |2,026|Μ68Χ    |ιδιωτική ασφάλεια|1                     |731         |365.5        |1,792.66     |
|Παιδιατρικό  |2,026|Μ73Μ    |ιδιωτική ασφάλεια|1                     |2,249       |0            |3,658.66     |
|Παιδιατρικό  |2,026|Ρ23Α    |ΕΦΚΑ             |1                     |428         |642          |4,108.96     |
|Παιδιατρικό  |2,026|Σ03Μ    |ανασφάλιστος     |1                     |6,097       |0            |4,687.08     |
|Παιδιατρικό  |2,026|Τ25Μα   |ιδιωτική ασφάλεια|1                     |5,872       |0            |2,965.48     |
|Παιδιατρικό  |2,026|ΤΚΑ 13  |ΕΦΚΑ             |1                     |1,000       |714.285714   |4,437.44     |
|Παιδιατρικό  |2,026|Υ21Α    |ΕΦΚΑ             |2                     |367         |3,670        |3,685.72     |
|Παιδιατρικό  |2,026|Ω36Χ    |ανασφάλιστος     |1                     |243         |1,701        |3,194.58     |
|Χειρουργική  |2,026|Δ22Χ    |ΕΦΚΑ             |1                     |688         |688          |3,930.39     |
|Χειρουργική  |2,026|Δ28Χ    |ΕΦΚΑ             |1                     |965         |0            |3,341.51     |
|Χειρουργική  |2,026|Η40Μβ   |ιδιωτική ασφάλεια|1                     |965         |0            |1,441.62     |
|Χειρουργική  |2,026|Μ17Χ    |ΕΦΚΑ             |1                     |1,764       |5,292        |2,072.15     |
|Χειρουργική  |2,026|Μ68Χ    |ιδιωτική ασφάλεια|1                     |731         |2,010.25     |1,568.44     |
|Χειρουργική  |2,026|ΤΚΑ 01  |ΕΦΚΑ             |1                     |1,000       |571.428571   |4,786.26     |
|Χειρουργική  |2,026|Ω31Α    |ΕΦΚΑ             |1                     |444         |0            |4,199.21     |
|Χειρουργική  |2,026|Ω36Χ    |ανασφάλιστος     |1                     |243         |2,916        |3,623.04     |
|Ψυχιατρικό   |2,026|Α10Χ    |ιδιωτική ασφάλεια|1                     |4,627       |0            |761.04       |
|Ψυχιατρικό   |2,026|Α12Μ    |ανασφάλιστος     |1                     |3,984       |0            |3,618.75     |
|Ψυχιατρικό   |2,026|Γ05Μ    |ανασφάλιστος     |1                     |2,147       |0            |4,038.61     |
|Ψυχιατρικό   |2,026|Η23Χ    |ΕΦΚΑ             |1                     |786         |2,620        |4,186.63     |
|Ψυχιατρικό   |2,026|Κ08Χ    |ιδιωτική ασφάλεια|1                     |5,561       |2,383.285714 |1,026.04     |
|Ψυχιατρικό   |2,026|Κ09Χ    |ΕΦΚΑ             |1                     |2,386       |4,772        |3,670.58     |
|Ψυχιατρικό   |2,026|Μ24Α    |ιδιωτική ασφάλεια|1                     |710         |4,260        |3,524.86     |
|Ψυχιατρικό   |2,026|Σ21Α    |ανασφάλιστος     |1                     |294         |2,352        |4,491.38     |
|Ψυχιατρικό   |2,026|Τ24Α    |ΕΦΚΑ             |1                     |5,818       |0            |3,163.62     |
|Ψυχιατρικό   |2,026|ΤΚΑ 05  |ιδιωτική ασφάλεια|1                     |1,000       |571.428571   |1,003.21     |
|Ψυχιατρικό   |2,026|Υ05Χ    |ιδιωτική ασφάλεια|1                     |1,000       |2,000        |1,109.87     |
|Ψυχιατρικό   |2,026|Υ08Μ    |ανασφάλιστος     |1                     |1,271       |0            |4,643.65     |
|Ψυχιατρικό   |2,026|Φ04Μ    |ιδιωτική ασφάλεια|1                     |8,798       |0            |2,038.92     |
|ΩΡΛ          |2,026|S01Α    |ανασφάλιστος     |1                     |540         |2,700        |2,333.72     |
|ΩΡΛ          |2,026|Β01Μ    |ΕΦΚΑ             |1                     |3,553       |1,776.5      |2,488.16     |
|ΩΡΛ          |2,026|Β10Α    |ιδιωτική ασφάλεια|1                     |220         |3,080        |3,328.59     |
|ΩΡΛ          |2,026|Δ23Μ    |ανασφάλιστος     |1                     |965         |193          |2,920.07     |
|ΩΡΛ          |2,026|Κ08Μ    |ΕΦΚΑ             |1                     |8,956       |0            |3,548.34     |
|ΩΡΛ          |2,026|Κ34Χ    |ιδιωτική ασφάλεια|1                     |981         |0            |2,050.43     |
|ΩΡΛ          |2,026|Κ46Χ    |ιδιωτική ασφάλεια|1                     |444         |1,998        |3,483.73     |
|ΩΡΛ          |2,026|Λ02Μ    |ανασφάλιστος     |1                     |1,743       |1,743        |4,874.81     |
|ΩΡΛ          |2,026|Μ28Χ    |ΕΦΚΑ             |1                     |1,379       |2,758        |4,221.59     |
|ΩΡΛ          |2,026|Ν25Α    |ιδιωτική ασφάλεια|1                     |482         |2,410        |1,316.41     |
|ΩΡΛ          |2,026|Ν27Χ    |ιδιωτική ασφάλεια|1                     |482         |964          |1,520.26     |
|ΩΡΛ          |2,026|Π10Χ    |ιδιωτική ασφάλεια|1                     |868         |6,944        |1,559.41     |
|ΩΡΛ          |2,026|Υ03Μβ   |ανασφάλιστος     |1                     |4,426       |2,950.666667 |3,862.42     |
|ΩΡΛ          |2,026|Υ08Μ    |ΕΦΚΑ             |1                     |1,271       |2,033.6      |1,093.04     |
|Ακτινολογικό |2,025|Α02Χ    |ανασφάλιστος     |1                     |683         |4,098        |2,743.64     |
|Ακτινολογικό |2,025|Α10Χ    |ανασφάλιστος     |1                     |4,627       |1,156.75     |2,922.86     |
|Ακτινολογικό |2,025|Α35Μα   |ΕΦΚΑ             |1                     |1,556       |0            |2,861.73     |
|Ακτινολογικό |2,025|Δ12Μ    |ιδιωτική ασφάλεια|1                     |4,871       |0            |2,493.45     |
|Ακτινολογικό |2,025|Ε12Α    |ΕΦΚΑ             |1                     |6,414       |14,966       |1,041.62     |
|Ακτινολογικό |2,025|Ζ01Α    |ΕΦΚΑ             |1                     |36,068      |0            |3,788.79     |
|Ακτινολογικό |2,025|Η40Μα   |ανασφάλιστος     |1                     |2,654       |0            |2,542.39     |
|Ακτινολογικό |2,025|Κ34Μ    |ανασφάλιστος     |1                     |2,233       |0            |1,645.71     |
|Ακτινολογικό |2,025|Κ37Μ    |ΕΦΚΑ             |1                     |1,198       |1,198        |4,252.54     |
|Ακτινολογικό |2,025|Κ39Χ    |ιδιωτική ασφάλεια|1                     |327         |981          |1,848.43     |
|Ακτινολογικό |2,025|Μ01Μ    |ιδιωτική ασφάλεια|1                     |14,020      |0            |3,179.24     |
|Ακτινολογικό |2,025|Μ66Μ    |ιδιωτική ασφάλεια|1                     |2,436       |0            |1,660.77     |
|Ακτινολογικό |2,025|Μ71Μ    |ιδιωτική ασφάλεια|1                     |1,323       |756          |4,457.38     |
|Ακτινολογικό |2,025|Ν02Χ    |ιδιωτική ασφάλεια|1                     |3,836       |3,288        |4,663.04     |
|Ακτινολογικό |2,025|Π12Μβ   |ιδιωτική ασφάλεια|1                     |1,932       |552          |2,567.25     |
|Ακτινολογικό |2,025|Τ01Α    |ιδιωτική ασφάλεια|1                     |1,381       |13,810       |3,203.46     |
|Ακτινολογικό |2,025|ΤΚΑ 25  |ιδιωτική ασφάλεια|1                     |1,000       |0            |3,502.98     |
|Ακτινολογικό |2,025|Υ04Χα   |ιδιωτική ασφάλεια|1                     |2,361       |337.285714   |3,684.11     |
|Ακτινολογικό |2,025|Υ22Α    |ΕΦΚΑ             |1                     |482         |3,374        |4,720.3      |
|Ακτινολογικό |2,025|Φ24Μ    |ιδιωτική ασφάλεια|1                     |2,785       |0            |3,866.85     |
|Ακτινολογικό |2,025|Φ64Χ    |ΕΦΚΑ             |1                     |303         |0            |4,858.11     |
|Γυναικολογικό|2,025|Α26Μα   |ιδιωτική ασφάλεια|1                     |2,467       |0            |4,763.4      |
|Γυναικολογικό|2,025|Α28Χ    |ανασφάλιστος     |1                     |623         |623          |4,105.38     |
|Γυναικολογικό|2,025|Η07Μ    |ΕΦΚΑ             |1                     |4,299       |0            |2,947.09     |
|Γυναικολογικό|2,025|Κ12Χ    |ανασφάλιστος     |1                     |3,694       |3,694        |4,200.91     |
|Γυναικολογικό|2,025|Κ30Χ    |ανασφάλιστος     |1                     |4,470       |0            |2,412.27     |
|Γυναικολογικό|2,025|Κ30Χ    |ΕΦΚΑ             |1                     |4,470       |0            |4,868.95     |
|Γυναικολογικό|2,025|Κ36Μ    |ΕΦΚΑ             |1                     |957         |191.4        |1,260.25     |
|Γυναικολογικό|2,025|Κ45Μβ   |ανασφάλιστος     |1                     |1,019       |509.5        |550.89       |
|Γυναικολογικό|2,025|Μ03Μ    |ιδιωτική ασφάλεια|1                     |6,307       |0            |3,675.83     |
|Γυναικολογικό|2,025|Μ71Μ    |ιδιωτική ασφάλεια|1                     |1,323       |189          |4,356.79     |
|Γυναικολογικό|2,025|Ο13Α    |ανασφάλιστος     |1                     |336         |3,024        |4,591.13     |
|Γυναικολογικό|2,025|Π04Μβ   |ΕΦΚΑ             |1                     |2,710       |301.111111   |3,826.71     |
|Γυναικολογικό|2,025|Π04Χ    |ιδιωτική ασφάλεια|1                     |1,578       |3,945        |3,760.49     |
|Γυναικολογικό|2,025|Ρ22Χ    |ανασφάλιστος     |1                     |444         |0            |4,256.3      |
|Γυναικολογικό|2,025|Σ01Χ    |ανασφάλιστος     |1                     |2,236       |1,118        |1,995.4      |
|Γυναικολογικό|2,025|Τ23Α    |ΕΦΚΑ             |1                     |7,359       |0            |1,878.63     |
|Γυναικολογικό|2,025|Τ24Α    |ΕΦΚΑ             |1                     |5,818       |0            |4,392.46     |
|Γυναικολογικό|2,025|ΤΚΑ 02  |ανασφάλιστος     |1                     |1,000       |0            |1,613.1      |
|Γυναικολογικό|2,025|ΤΚΑ 11  |ΕΦΚΑ             |1                     |1,000       |0            |3,513.73     |
|Γυναικολογικό|2,025|Φ64Μ    |ιδιωτική ασφάλεια|1                     |1,159       |695.4        |4,956.57     |
|Δερματολογικό|2,025|S01Χ    |ανασφάλιστος     |1                     |1,334       |10,672       |1,806.91     |
|Δερματολογικό|2,025|Β02Χ    |ανασφάλιστος     |1                     |1,007       |2,014        |4,106.91     |
|Δερματολογικό|2,025|Β04Α    |ιδιωτική ασφάλεια|1                     |652         |6,520        |1,705.73     |
|Δερματολογικό|2,025|Γ20Μ    |ιδιωτική ασφάλεια|1                     |1,969       |0            |3,875.65     |
|Δερματολογικό|2,025|Δ23Χ    |ΕΦΚΑ             |1                     |366         |0            |4,309.22     |
|Δερματολογικό|2,025|Ζ01Α    |ΕΦΚΑ             |1                     |36,068      |0            |4,189.51     |
|Δερματολογικό|2,025|Ζ02Μ    |ιδιωτική ασφάλεια|1                     |7,225       |0            |1,873.97     |
|Δερματολογικό|2,025|Κ11Μ    |ιδιωτική ασφάλεια|1                     |7,292       |0            |2,688.76     |
|Δερματολογικό|2,025|Κ35Χ    |ΕΦΚΑ             |1                     |521         |3,126        |4,016.85     |
|Δερματολογικό|2,025|Κ44Α    |ιδιωτική ασφάλεια|1                     |311         |3,110        |4,403.26     |
|Δερματολογικό|2,025|Μ17Μ    |ΕΦΚΑ             |1                     |2,708       |0            |2,978.21     |
|Δερματολογικό|2,025|Μ32Χ    |ΕΦΚΑ             |1                     |9,147       |0            |2,030.67     |
|Δερματολογικό|2,025|Μ61Χ    |ιδιωτική ασφάλεια|1                     |856         |1,926        |1,024.83     |
|Δερματολογικό|2,025|Σ21Μ    |ΕΦΚΑ             |1                     |3,782       |0            |1,104.68     |
|Δερματολογικό|2,025|ΤΚΑ 16  |ανασφάλιστος     |1                     |1,000       |1,142.857143 |3,629.29     |
|Δερματολογικό|2,025|Υ04Χα   |ΕΦΚΑ             |1                     |2,361       |0            |3,330.11     |
|Δερματολογικό|2,025|Φ62Χ    |ΕΦΚΑ             |1                     |374         |1,309        |4,762.09     |
|Δερματολογικό|2,025|Ω04Χ    |ΕΦΚΑ             |1                     |1,934       |0            |3,782.83     |
|Επείγοντα    |2,025|S01Χ    |ιδιωτική ασφάλεια|1                     |1,334       |4,002        |1,195.22     |
|Επείγοντα    |2,025|S20Α    |ιδιωτική ασφάλεια|1                     |934         |2,802        |1,091.16     |
|Επείγοντα    |2,025|Α24Μ    |ΕΦΚΑ             |1                     |1,821       |682.875      |2,794.1      |
|Επείγοντα    |2,025|Β23Α    |ανασφάλιστος     |1                     |316         |2,528        |3,062.86     |
|Επείγοντα    |2,025|Κ09Μα   |ιδιωτική ασφάλεια|1                     |6,413       |0            |3,181.41     |
|Επείγοντα    |2,025|Κ13Χ    |ανασφάλιστος     |1                     |1,660       |1,185.714286 |3,198.88     |
|Επείγοντα    |2,025|Κ14Χ    |ιδιωτική ασφάλεια|1                     |1,277       |0            |1,063.46     |
|Επείγοντα    |2,025|Κ30Χ    |ανασφάλιστος     |1                     |4,470       |0            |2,899.59     |
|Επείγοντα    |2,025|Κ39Χ    |ανασφάλιστος     |1                     |327         |1,798.5      |4,924.24     |
|Επείγοντα    |2,025|Κ46Χ    |ιδιωτική ασφάλεια|1                     |444         |666          |3,946.56     |
|Επείγοντα    |2,025|Μ04Χ    |ιδιωτική ασφάλεια|1                     |6,611       |0            |4,032.56     |
|Επείγοντα    |2,025|Μ07Α    |ανασφάλιστος     |1                     |5,235       |0            |778.58       |
|Επείγοντα    |2,025|Μ64Χ    |ιδιωτική ασφάλεια|1                     |1,175       |587.5        |2,286.29     |
|Επείγοντα    |2,025|Ν02Μβ   |ΕΦΚΑ             |1                     |4,721       |429.181818   |1,331.26     |
|Επείγοντα    |2,025|Ο20Μ    |ανασφάλιστος     |1                     |1,860       |697.5        |1,144.59     |
|Επείγοντα    |2,025|Π03Χβ   |ιδιωτική ασφάλεια|1                     |1,813       |3,626        |923.78       |
|Επείγοντα    |2,025|Π04Μβ   |ιδιωτική ασφάλεια|1                     |2,710       |0            |1,849.68     |
|Επείγοντα    |2,025|Ρ20Χ    |ΕΦΚΑ             |1                     |1,261       |0            |3,432.51     |
|Επείγοντα    |2,025|ΤΚΑ 12  |ΕΦΚΑ             |1                     |1,000       |1,000        |3,486.23     |
|Επείγοντα    |2,025|ΤΚΑ 13  |ιδιωτική ασφάλεια|1                     |1,000       |0            |3,146.42     |
|Επείγοντα    |2,025|ΤΚΑ 17  |ιδιωτική ασφάλεια|1                     |1,000       |857.142857   |4,665.8      |
|Επείγοντα    |2,025|Υ06Μ    |ΕΦΚΑ             |1                     |2,381       |1,587.333333 |3,787.18     |
|Επείγοντα    |2,025|Φ11Χ    |ιδιωτική ασφάλεια|1                     |1,883       |0            |2,246.5      |
|Επείγοντα    |2,025|Φ22Χ    |ΕΦΚΑ             |1                     |827         |3,308        |1,925.78     |
|Επείγοντα    |2,025|Φ62Χ    |ανασφάλιστος     |1                     |374         |374          |594          |
|Επείγοντα    |2,025|Χ42Χ    |ιδιωτική ασφάλεια|1                     |1,331       |998.25       |2,657.99     |
|Επείγοντα    |2,025|Ω02Μα   |ιδιωτική ασφάλεια|1                     |5,420       |0            |3,617.38     |
|Επείγοντα    |2,025|Ω02Μβ   |ΕΦΚΑ             |1                     |2,570       |1,285        |2,719.83     |
|Επείγοντα    |2,025|Ω37Β    |ιδιωτική ασφάλεια|1                     |661         |0            |4,917.63     |
|Καρδιολογία  |2,025|W10Α    |ΕΦΚΑ             |1                     |2,014       |4,028        |1,983.94     |
|Καρδιολογία  |2,025|Α02Μβ   |ανασφάλιστος     |1                     |1,595       |319          |1,464.96     |
|Καρδιολογία  |2,025|Α24Μ    |ανασφάλιστος     |1                     |1,821       |1,138.125    |3,763.94     |
|Καρδιολογία  |2,025|Α31Χ    |ιδιωτική ασφάλεια|1                     |910         |0            |4,216.17     |
|Καρδιολογία  |2,025|Ε08Μ    |ανασφάλιστος     |1                     |10,017      |0            |4,999.16     |
|Καρδιολογία  |2,025|Η07Μ    |ιδιωτική ασφάλεια|1                     |4,299       |0            |1,402.58     |
|Καρδιολογία  |2,025|Η40Χ    |ανασφάλιστος     |1                     |366         |2,013        |510.71       |
|Καρδιολογία  |2,025|Θ08Α    |ΕΦΚΑ             |1                     |952         |952          |1,278.28     |
|Καρδιολογία  |2,025|Λ04Χ    |ανασφάλιστος     |1                     |571         |3,426        |2,182.57     |
|Καρδιολογία  |2,025|Λ05Α    |ιδιωτική ασφάλεια|1                     |334         |334          |688.45       |
|Καρδιολογία  |2,025|Μ10Μ    |ανασφάλιστος     |1                     |3,391       |0            |2,656.97     |
|Καρδιολογία  |2,025|Ν05Α    |ιδιωτική ασφάλεια|1                     |439         |3,951        |4,351.19     |
|Καρδιολογία  |2,025|Ν12Χ    |ιδιωτική ασφάλεια|1                     |3,720       |0            |3,645.79     |
|Καρδιολογία  |2,025|Ν31Μ    |ιδιωτική ασφάλεια|1                     |1,510       |0            |3,980.58     |
|Καρδιολογία  |2,025|Ξ20Χβ   |ανασφάλιστος     |1                     |257         |2,056        |2,180.61     |
|Καρδιολογία  |2,025|Π05Χ    |ανασφάλιστος     |1                     |1,379       |2,758        |2,107.14     |
|Καρδιολογία  |2,025|Ω34Α    |ιδιωτική ασφάλεια|1                     |288         |3,456        |2,905.51     |
|ΜΕΘ          |2,025|Α31Χ    |ΕΦΚΑ             |1                     |910         |1,820        |1,628.41     |
|ΜΕΘ          |2,025|Δ24Χ    |ΕΦΚΑ             |1                     |802         |0            |3,804.24     |
|ΜΕΘ          |2,025|Η05Χ    |ιδιωτική ασφάλεια|1                     |1,393       |1,393        |3,486.98     |
|ΜΕΘ          |2,025|Λ24Α    |ΕΦΚΑ             |1                     |288         |0            |3,548.69     |
|ΜΕΘ          |2,025|Μ02Μ    |ιδιωτική ασφάλεια|1                     |9,110       |0            |2,197.36     |
|ΜΕΘ          |2,025|Μ27Μ    |ΕΦΚΑ             |1                     |2,179       |0            |4,533.02     |
|ΜΕΘ          |2,025|Μ28Μ    |ΕΦΚΑ             |1                     |2,639       |479.818182   |1,383.1      |
|ΜΕΘ          |2,025|Μ64Μ    |ΕΦΚΑ             |1                     |2,669       |0            |2,139.25     |
|ΜΕΘ          |2,025|Μ78Χ    |ΕΦΚΑ             |1                     |475         |2,137.5      |1,778.63     |
|ΜΕΘ          |2,025|Ν05Α    |ΕΦΚΑ             |1                     |439         |0            |3,731.71     |
|ΜΕΘ          |2,025|Π41Χ    |ανασφάλιστος     |1                     |412         |2,472        |2,072.31     |
|ΜΕΘ          |2,025|Σ04Μ    |ΕΦΚΑ             |1                     |1,694       |1,210        |4,256.42     |
|ΜΕΘ          |2,025|Σ22Χ    |ιδιωτική ασφάλεια|1                     |638         |319          |2,053.91     |
|ΜΕΘ          |2,025|Τ02Α    |ιδιωτική ασφάλεια|1                     |20,279      |0            |1,967.25     |
|ΜΕΘ          |2,025|Φ64Χ    |ιδιωτική ασφάλεια|1                     |303         |3,939        |1,468.58     |
|ΜΕΘ          |2,025|Ω36Μ    |ιδιωτική ασφάλεια|1                     |957         |717.75       |1,974.82     |
|Νευρολογικό  |2,025|Α22Μβ   |ιδιωτική ασφάλεια|1                     |1,144       |1,334.666667 |1,930.18     |
|Νευρολογικό  |2,025|Α36Α    |ιδιωτική ασφάλεια|1                     |2,412       |0            |3,579.08     |
|Νευρολογικό  |2,025|Δ01Χ    |ΕΦΚΑ             |1                     |6,452       |0            |4,746.56     |
|Νευρολογικό  |2,025|Δ08Μ    |ιδιωτική ασφάλεια|1                     |2,294       |0            |845.11       |
|Νευρολογικό  |2,025|Η43Μ    |ιδιωτική ασφάλεια|1                     |1,813       |0            |3,612.02     |
|Νευρολογικό  |2,025|Θ01Μ    |ανασφάλιστος     |1                     |6,202       |0            |4,670.71     |
|Νευρολογικό  |2,025|Κ17Μ    |ΕΦΚΑ             |1                     |2,892       |2,892        |2,348.72     |
|Νευρολογικό  |2,025|Μ15Α    |ιδιωτική ασφάλεια|1                     |3,761       |0            |4,036.74     |
|Νευρολογικό  |2,025|Μ25Μ    |ιδιωτική ασφάλεια|1                     |2,864       |260.363636   |3,119.97     |
|Νευρολογικό  |2,025|Μ25Χ    |ΕΦΚΑ             |1                     |1,260       |3,360        |2,759.54     |
|Νευρολογικό  |2,025|Μ78Χ    |ιδιωτική ασφάλεια|1                     |475         |2,850        |2,233.13     |
|Νευρολογικό  |2,025|Ν22Α    |ιδιωτική ασφάλεια|1                     |243         |2,916        |1,075.2      |
|Νευρολογικό  |2,025|Ν29Μ    |ιδιωτική ασφάλεια|1                     |1,230       |1,640        |1,586.97     |
|Νευρολογικό  |2,025|Ξ20Μ    |ιδιωτική ασφάλεια|2                     |3,890       |1,389.285714 |7,214.1      |
|Νευρολογικό  |2,025|Ο10Α    |ιδιωτική ασφάλεια|1                     |650         |2,600        |3,554.02     |
|Νευρολογικό  |2,025|Π28Χ    |ανασφάλιστος     |1                     |872         |436          |4,724.9      |
|Νευρολογικό  |2,025|Ρ10Χ    |ιδιωτική ασφάλεια|1                     |1,473       |210.428571   |4,504.62     |
|Νευρολογικό  |2,025|Τ03Α    |ανασφάλιστος     |1                     |16,846      |0            |1,339.02     |
|Νευρολογικό  |2,025|ΤΚΑ 15  |ΕΦΚΑ             |1                     |1,000       |714.285714   |2,041.26     |
|Νευρολογικό  |2,025|Υ27Μ    |ΕΦΚΑ             |1                     |1,673       |1,912        |1,295.67     |
|Ορθοπεδικό   |2,025|Α32Α    |ΕΦΚΑ             |1                     |846         |1,692        |2,258.98     |
|Ορθοπεδικό   |2,025|Γ20Χ    |ΕΦΚΑ             |1                     |755         |1,761.666667 |4,154.16     |
|Ορθοπεδικό   |2,025|Δ01Χ    |ιδιωτική ασφάλεια|1                     |6,452       |0            |3,729.14     |
|Ορθοπεδικό   |2,025|Δ20Α    |ανασφάλιστος     |1                     |171         |1,710        |1,374.75     |
|Ορθοπεδικό   |2,025|Η40Μβ   |ΕΦΚΑ             |1                     |965         |1,737        |3,280        |
|Ορθοπεδικό   |2,025|Κ05Χ    |ανασφάλιστος     |1                     |7,270       |0            |2,602.09     |
|Ορθοπεδικό   |2,025|Κ33Χ    |ΕΦΚΑ             |1                     |669         |535.2        |2,121.54     |
|Ορθοπεδικό   |2,025|Κ34Μ    |ΕΦΚΑ             |1                     |2,233       |343.538462   |3,316.37     |
|Ορθοπεδικό   |2,025|Ν10Α    |ΕΦΚΑ             |1                     |163         |2,119        |4,660.78     |
|Ορθοπεδικό   |2,025|Ν12Μ    |ανασφάλιστος     |1                     |5,390       |414.615385   |979.62       |
|Ορθοπεδικό   |2,025|Ν28Μ    |ΕΦΚΑ             |1                     |1,907       |0            |4,023.74     |
|Ορθοπεδικό   |2,025|Ν32Χ    |ιδιωτική ασφάλεια|1                     |1,183       |0            |1,418.06     |
|Ορθοπεδικό   |2,025|Ξ02Μ    |ανασφάλιστος     |1                     |4,655       |0            |2,847.39     |
|Ορθοπεδικό   |2,025|Ξ20Χα   |ιδιωτική ασφάλεια|1                     |786         |1,048        |4,427.59     |
|Ορθοπεδικό   |2,025|Ο01Α    |ιδιωτική ασφάλεια|1                     |1,395       |5,115        |1,324.42     |
|Ορθοπεδικό   |2,025|Ο14Α    |ιδιωτική ασφάλεια|1                     |406         |1,827        |988.81       |
|Ορθοπεδικό   |2,025|Τ21Α    |ανασφάλιστος     |1                     |41,579      |0            |1,276.12     |
|Ορθοπεδικό   |2,025|Τ26Χ    |ΕΦΚΑ             |1                     |716         |859.2        |1,071.76     |
|Ορθοπεδικό   |2,025|Υ04Χα   |ΕΦΚΑ             |1                     |2,361       |2,361        |3,188.71     |
|Ορθοπεδικό   |2,025|Φ03Α    |ανασφάλιστος     |1                     |5,386       |0            |941.01       |
|Ορθοπεδικό   |2,025|Φ22Χ    |ανασφάλιστος     |1                     |827         |2,481        |841.58       |
|Ορθοπεδικό   |2,025|Χ20Α    |ΕΦΚΑ             |1                     |148         |296          |1,347.99     |
|Ορθοπεδικό   |2,025|Ω11Α    |ιδιωτική ασφάλεια|1                     |526         |1,578        |1,860.08     |
|Ουρολογικό   |2,025|Α31Χ    |ιδιωτική ασφάλεια|1                     |910         |1,456        |2,460.96     |
|Ουρολογικό   |2,025|Α33Χ    |ανασφάλιστος     |1                     |607         |1,416.333333 |2,543.97     |
|Ουρολογικό   |2,025|Δ22Μ    |ιδιωτική ασφάλεια|1                     |965         |193          |2,863.16     |
|Ουρολογικό   |2,025|Δ23Χ    |ανασφάλιστος     |1                     |366         |1,281        |4,195.33     |
|Ουρολογικό   |2,025|Δ29Χ    |ανασφάλιστος     |1                     |1,377       |196.714286   |4,056.11     |
|Ουρολογικό   |2,025|Ε-ΤΚΑ   |ιδιωτική ασφάλεια|1                     |1,000       |0            |1,401.93     |
|Ουρολογικό   |2,025|Θ22Χ    |ανασφάλιστος     |1                     |482         |2,410        |2,621.4      |
|Ουρολογικό   |2,025|Κ22Α    |ιδιωτική ασφάλεια|1                     |7,753       |0            |1,678.96     |
|Ουρολογικό   |2,025|Μ02Χ    |ΕΦΚΑ             |1                     |3,430       |1,286.25     |4,152.06     |
|Ουρολογικό   |2,025|Μ11Α    |ανασφάλιστος     |1                     |4,045       |9,101.25     |2,855.94     |
|Ουρολογικό   |2,025|Μ12Μβ   |ιδιωτική ασφάλεια|1                     |2,993       |0            |3,398.8      |
|Ουρολογικό   |2,025|Μ31Χ    |ανασφάλιστος     |1                     |8,533       |0            |971.61       |
|Ουρολογικό   |2,025|Ν27Μβ   |ιδιωτική ασφάλεια|1                     |1,307       |490.125      |4,591.32     |
|Ουρολογικό   |2,025|Ν30Χ    |ιδιωτική ασφάλεια|1                     |1,191       |1,191        |4,427.95     |
|Ουρολογικό   |2,025|Ν31Χ    |ΕΦΚΑ             |1                     |280         |1,680        |762.39       |
|Ουρολογικό   |2,025|Ν34Χ    |ΕΦΚΑ             |2                     |1,386       |2,508        |9,531.7      |
|Ουρολογικό   |2,025|ΤΚΑ 11  |ιδιωτική ασφάλεια|1                     |1,000       |0            |596.83       |
|Ουρολογικό   |2,025|Υ07Μ    |ΕΦΚΑ             |1                     |1,218       |730.8        |1,439.21     |
|Ουρολογικό   |2,025|Υ25Μ    |ιδιωτική ασφάλεια|1                     |1,128       |940          |3,770.5      |
|Ουρολογικό   |2,025|Φ04Μ    |ιδιωτική ασφάλεια|1                     |8,798       |0            |4,040.49     |
|Ουρολογικό   |2,025|Ω05Α    |ανασφάλιστος     |1                     |1,859       |4,647.5      |1,560.05     |
|Οφθαλμολογικό|2,025|G01Μβ   |ιδιωτική ασφάλεια|1                     |3,573       |0            |2,230.5      |
|Οφθαλμολογικό|2,025|S01Μ    |ΕΦΚΑ             |1                     |2,413       |0            |1,188.09     |
|Οφθαλμολογικό|2,025|Β06Μ    |ιδιωτική ασφάλεια|1                     |1,930       |1,930        |1,722.7      |
|Οφθαλμολογικό|2,025|Β06Χ    |ΕΦΚΑ             |1                     |1,659       |8,295        |1,618.57     |
|Οφθαλμολογικό|2,025|Β20Χ    |ανασφάλιστος     |1                     |413         |619.5        |2,719.09     |
|Οφθαλμολογικό|2,025|Γ05Μ    |ΕΦΚΑ             |1                     |2,147       |3,220.5      |4,519.68     |
|Οφθαλμολογικό|2,025|Δ28Μ    |ιδιωτική ασφάλεια|1                     |1,969       |393.8        |4,745.96     |
|Οφθαλμολογικό|2,025|Θ01Χ    |ανασφάλιστος     |1                     |2,801       |0            |2,826.79     |
|Οφθαλμολογικό|2,025|Θ02Μ    |ανασφάλιστος     |1                     |5,135       |0            |889.68       |
|Οφθαλμολογικό|2,025|Θ03Α    |ΕΦΚΑ             |1                     |3,297       |4,396        |4,907.03     |
|Οφθαλμολογικό|2,025|Κ06Μ    |ανασφάλιστος     |1                     |7,182       |1,436.4      |3,038.78     |
|Οφθαλμολογικό|2,025|Κ09Μβ   |ανασφάλιστος     |1                     |3,617       |2,411.333333 |3,746.46     |
|Οφθαλμολογικό|2,025|Κ31Μ    |ΕΦΚΑ             |1                     |2,038       |1,528.5      |2,485.82     |
|Οφθαλμολογικό|2,025|Κ46Μ    |ιδιωτική ασφάλεια|1                     |1,245       |415          |4,522.11     |
|Οφθαλμολογικό|2,025|Λ03Μ    |ανασφάλιστος     |1                     |1,249       |416.333333   |2,050.84     |
|Οφθαλμολογικό|2,025|Μ17Μ    |ιδιωτική ασφάλεια|1                     |2,708       |8,124        |3,381.39     |
|Οφθαλμολογικό|2,025|Ν27Μα   |ιδιωτική ασφάλεια|1                     |2,529       |0            |4,121.25     |
|Οφθαλμολογικό|2,025|Ρ10Χ    |ΕΦΚΑ             |1                     |1,473       |0            |1,986.89     |
|Οφθαλμολογικό|2,025|ΤΚΑ 23  |ανασφάλιστος     |1                     |1,000       |0            |2,377.69     |
|Οφθαλμολογικό|2,025|Φ10Α    |ανασφάλιστος     |1                     |1,472       |16,192       |2,925.86     |
|Οφθαλμολογικό|2,025|Φ60Μ    |ΕΦΚΑ             |1                     |1,144       |653.714286   |3,866.19     |
|Οφθαλμολογικό|2,025|Ω05Α    |ιδιωτική ασφάλεια|1                     |1,859       |8,365.5      |4,548.52     |
|Παθολογικό   |2,025|S23Χ    |ιδιωτική ασφάλεια|1                     |848         |424          |1,380.68     |
|Παθολογικό   |2,025|Δ23Μ    |ΕΦΚΑ             |1                     |965         |1,737        |3,449.29     |
|Παθολογικό   |2,025|Ε10Α    |ιδιωτική ασφάλεια|1                     |94,009      |0            |3,053.69     |
|Παθολογικό   |2,025|Ε13Α    |ιδιωτική ασφάλεια|1                     |37,063      |0            |2,101.7      |
|Παθολογικό   |2,025|Ζ01Α    |ανασφάλιστος     |1                     |36,068      |0            |1,204.1      |
|Παθολογικό   |2,025|Θ20Χ    |ιδιωτική ασφάλεια|2                     |2,311       |4,729.714286 |3,580.42     |
|Παθολογικό   |2,025|Ι24Α    |ιδιωτική ασφάλεια|1                     |599         |1,347.75     |1,508.01     |
|Παθολογικό   |2,025|Λ21Α    |ΕΦΚΑ             |1                     |420         |2,310        |3,375.45     |
|Παθολογικό   |2,025|Μ17Μ    |ιδιωτική ασφάλεια|1                     |2,708       |9,929.333333 |3,087.3      |
|Παθολογικό   |2,025|Μ32Μα   |ιδιωτική ασφάλεια|1                     |12,912      |0            |3,574.12     |
|Παθολογικό   |2,025|Μ67Χ    |ανασφάλιστος     |1                     |996         |711.428571   |2,370.22     |
|Παθολογικό   |2,025|Ν38Μ    |ανασφάλιστος     |1                     |2,327       |930.8        |4,155.58     |
|Παθολογικό   |2,025|Π07Χ    |ανασφάλιστος     |1                     |983         |4,423.5      |955.13       |
|Παθολογικό   |2,025|ΤΚΑ 09  |ανασφάλιστος     |1                     |1,000       |1,000        |2,824.05     |
|Παθολογικό   |2,025|ΤΚΑ 17  |ιδιωτική ασφάλεια|1                     |1,000       |428.571429   |2,079.58     |
|Παθολογικό   |2,025|Υ06Μ    |ΕΦΚΑ             |1                     |2,381       |0            |1,495.43     |
|Παθολογικό   |2,025|Χ47Α    |ΕΦΚΑ             |1                     |1,214       |0            |2,760.69     |
|Παιδιατρικό  |2,025|S24Μ    |ιδιωτική ασφάλεια|1                     |770         |962.5        |516.2        |
|Παιδιατρικό  |2,025|Α26Χ    |ανασφάλιστος     |1                     |607         |2,428        |1,484.11     |
|Παιδιατρικό  |2,025|Γ12Χ    |ανασφάλιστος     |1                     |1,963       |981.5        |1,326.52     |
|Παιδιατρικό  |2,025|Δ25Μ    |ανασφάλιστος     |1                     |1,105       |0            |4,642.42     |
|Παιδιατρικό  |2,025|Δ29Χ    |ιδιωτική ασφάλεια|1                     |1,377       |0            |1,099.16     |
|Παιδιατρικό  |2,025|Ε06Χα   |ιδιωτική ασφάλεια|1                     |20,597      |0            |1,484.5      |
|Παιδιατρικό  |2,025|Η40Μα   |ιδιωτική ασφάλεια|1                     |2,654       |0            |4,876.19     |
|Παιδιατρικό  |2,025|Κ17Χ    |ιδιωτική ασφάλεια|1                     |2,617       |10,468       |1,361.28     |
|Παιδιατρικό  |2,025|Κ21Μ    |ανασφάλιστος     |1                     |3,680       |0            |1,631.99     |
|Παιδιατρικό  |2,025|Κ32Α    |ιδιωτική ασφάλεια|1                     |1,043       |7,301        |3,133.42     |
|Παιδιατρικό  |2,025|Μ05Χ    |ανασφάλιστος     |1                     |6,101       |12,202       |1,401.26     |
|Παιδιατρικό  |2,025|Μ20Α    |ΕΦΚΑ             |1                     |1,286       |5,144        |3,521.74     |
|Παιδιατρικό  |2,025|Ν01Χ    |ιδιωτική ασφάλεια|1                     |1,980       |792          |986.39       |
|Παιδιατρικό  |2,025|Ν29Μ    |ανασφάλιστος     |1                     |1,230       |1,845        |2,968.7      |
|Παιδιατρικό  |2,025|Ν36Μ    |ιδιωτική ασφάλεια|1                     |1,486       |743          |3,970.21     |
|Παιδιατρικό  |2,025|Ν36Μ    |ανασφάλιστος     |1                     |1,486       |247.666667   |740.92       |
|Παιδιατρικό  |2,025|Ν38Χ    |ΕΦΚΑ             |1                     |879         |659.25       |1,797.92     |
|Παιδιατρικό  |2,025|Φ26Μ    |ιδιωτική ασφάλεια|1                     |2,460       |1,640        |3,716.07     |
|Παιδιατρικό  |2,025|Ω12Α    |ιδιωτική ασφάλεια|1                     |946         |0            |2,904.38     |
|Παιδιατρικό  |2,025|Ω36Χ    |ιδιωτική ασφάλεια|1                     |243         |3,402        |3,457.11     |
|Χειρουργική  |2,025|Α20Χ    |ΕΦΚΑ             |1                     |2,638       |0            |4,525.77     |
|Χειρουργική  |2,025|Α25Χ    |ΕΦΚΑ             |1                     |949         |379.6        |2,663.78     |
|Χειρουργική  |2,025|Α36Α    |ανασφάλιστος     |1                     |2,412       |0            |3,693.04     |
|Χειρουργική  |2,025|Δ28Χ    |ΕΦΚΑ             |1                     |965         |965          |1,625.72     |
|Χειρουργική  |2,025|Ζ22Χ    |ΕΦΚΑ             |1                     |397         |0            |2,574.1      |
|Χειρουργική  |2,025|Θ05Χ    |ΕΦΚΑ             |1                     |1,218       |6,699        |3,428.7      |
|Χειρουργική  |2,025|Κ04Μ    |ΕΦΚΑ             |1                     |13,155      |0            |3,050.11     |
|Χειρουργική  |2,025|Κ08Χ    |ανασφάλιστος     |1                     |5,561       |6,355.428571 |3,140.32     |
|Χειρουργική  |2,025|Μ21Α    |ιδιωτική ασφάλεια|1                     |1,052       |2,104        |509.65       |
|Χειρουργική  |2,025|Μ72Χ    |ανασφάλιστος     |1                     |490         |1,306.666667 |2,047.23     |
|Χειρουργική  |2,025|Ν27Μβ   |ΕΦΚΑ             |1                     |1,307       |0            |4,095.42     |
|Χειρουργική  |2,025|Ν31Μ    |ιδιωτική ασφάλεια|1                     |1,510       |862.857143   |4,528.6      |
|Χειρουργική  |2,025|Ο20Χ    |ΕΦΚΑ             |1                     |1,035       |2,587.5      |714.36       |
|Χειρουργική  |2,025|Π12Μα   |ΕΦΚΑ             |1                     |4,177       |0            |4,081.24     |
|Χειρουργική  |2,025|Τ25Χ    |ανασφάλιστος     |1                     |2,646       |0            |3,528.04     |
|Χειρουργική  |2,025|ΤΚΑ 08  |ανασφάλιστος     |1                     |1,000       |0            |4,437.92     |
|Χειρουργική  |2,025|ΤΚΑ 23  |ανασφάλιστος     |1                     |1,000       |0            |3,847.35     |
|Χειρουργική  |2,025|Υ09Μ    |ιδιωτική ασφάλεια|1                     |4,729       |0            |4,478.25     |
|Χειρουργική  |2,025|Υ21Α    |ιδιωτική ασφάλεια|2                     |367         |367          |2,070.44     |
|Χειρουργική  |2,025|Ω02Μα   |ανασφάλιστος     |1                     |5,420       |1,478.181818 |3,627.27     |
|Χειρουργική  |2,025|Ω02Μβ   |ιδιωτική ασφάλεια|1                     |2,570       |1,927.5      |4,933.57     |
|Χειρουργική  |2,025|Ω30Χ    |ιδιωτική ασφάλεια|1                     |545         |1,907.5      |2,390.87     |
|Ψυχιατρικό   |2,025|S24Χ    |ιδιωτική ασφάλεια|1                     |216         |1,080        |4,632.53     |
|Ψυχιατρικό   |2,025|Β02Μ    |ΕΦΚΑ             |1                     |1,719       |0            |1,632.57     |
|Ψυχιατρικό   |2,025|Δ12Μ    |ΕΦΚΑ             |1                     |4,871       |0            |2,863.15     |
|Ψυχιατρικό   |2,025|Ε01Α    |ιδιωτική ασφάλεια|1                     |28,907      |0            |880.4        |
|Ψυχιατρικό   |2,025|Ε12Α    |ιδιωτική ασφάλεια|1                     |6,414       |12,828       |2,790.9      |
|Ψυχιατρικό   |2,025|Ζ03Α    |ανασφάλιστος     |1                     |2,312       |924.8        |1,516.78     |
|Ψυχιατρικό   |2,025|Η40Μα   |ιδιωτική ασφάλεια|1                     |2,654       |0            |743.83       |
|Ψυχιατρικό   |2,025|Θ04Χ    |ανασφάλιστος     |1                     |2,848       |17,088       |3,806.51     |
|Ψυχιατρικό   |2,025|Θ24Χ    |ΕΦΚΑ             |1                     |669         |334.5        |871.02       |
|Ψυχιατρικό   |2,025|Κ37Χ    |ΕΦΚΑ             |1                     |459         |0            |4,431.06     |
|Ψυχιατρικό   |2,025|Μ18Α    |ιδιωτική ασφάλεια|1                     |743         |1,486        |4,404.18     |
|Ψυχιατρικό   |2,025|Μ61Μ    |ανασφάλιστος     |1                     |2,210       |0            |3,806.12     |
|Ψυχιατρικό   |2,025|Μ65Χ    |ιδιωτική ασφάλεια|1                     |1,222       |2,199.6      |1,086.96     |
|Ψυχιατρικό   |2,025|Τ04Α    |ιδιωτική ασφάλεια|1                     |11,997      |0            |3,865.71     |
|Ψυχιατρικό   |2,025|Τ25Μβ   |ΕΦΚΑ             |1                     |4,145       |0            |1,396.41     |
|Ψυχιατρικό   |2,025|ΤΚΑ 20  |ΕΦΚΑ             |1                     |1,000       |0            |1,500.31     |
|Ψυχιατρικό   |2,025|Υ03Μβ   |ΕΦΚΑ             |1                     |4,426       |0            |2,292.43     |
|Ψυχιατρικό   |2,025|Χ43Α    |ιδιωτική ασφάλεια|1                     |2,568       |0            |2,967.94     |
|ΩΡΛ          |2,025|Η01Μ    |ιδιωτική ασφάλεια|1                     |7,916       |0            |4,462.18     |
|ΩΡΛ          |2,025|Θ23Μ    |ιδιωτική ασφάλεια|1                     |1,074       |0            |4,062.83     |
|ΩΡΛ          |2,025|Κ34Μ    |ΕΦΚΑ             |1                     |2,233       |171.769231   |4,765.28     |
|ΩΡΛ          |2,025|Κ39Μ    |ιδιωτική ασφάλεια|1                     |1,268       |0            |3,488.65     |
|ΩΡΛ          |2,025|Μ31Χ    |ΕΦΚΑ             |1                     |8,533       |0            |2,272.81     |
|ΩΡΛ          |2,025|Μ78Χ    |ΕΦΚΑ             |1                     |475         |475          |737.49       |
|ΩΡΛ          |2,025|Ν20Χ    |ιδιωτική ασφάλεια|1                     |2,576       |1,288        |3,017.85     |
|ΩΡΛ          |2,025|Ν41Μ    |ανασφάλιστος     |1                     |1,837       |0            |2,479.58     |
|ΩΡΛ          |2,025|Ξ02Μ    |ιδιωτική ασφάλεια|1                     |4,655       |0            |1,504.77     |
|ΩΡΛ          |2,025|Ο11Α    |ΕΦΚΑ             |1                     |639         |639          |1,707.02     |
|ΩΡΛ          |2,025|Π42Α    |ΕΦΚΑ             |1                     |1,097       |0            |3,275.86     |
|ΩΡΛ          |2,025|Π43Α    |ιδιωτική ασφάλεια|1                     |335         |0            |2,450.12     |
|ΩΡΛ          |2,025|Ρ05Χ    |ΕΦΚΑ             |1                     |2,140       |0            |4,572.59     |
|ΩΡΛ          |2,025|Τ04Α    |ΕΦΚΑ             |1                     |11,997      |0            |2,393.92     |
|ΩΡΛ          |2,025|Υ04Χα   |ιδιωτική ασφάλεια|1                     |2,361       |2,698.285714 |1,739.22     |
|ΩΡΛ          |2,025|Υ27Μ    |ανασφάλιστος     |1                     |1,673       |1,912        |3,294.85     |
|ΩΡΛ          |2,025|Φ02Μ    |ΕΦΚΑ             |1                     |9,426       |0            |1,872.1      |
|ΩΡΛ          |2,025|Φ04Χ    |ανασφάλιστος     |1                     |5,558       |0            |525.88       |
|ΩΡΛ          |2,025|Φ10Α    |ΕΦΚΑ             |1                     |1,472       |11,776       |3,772.25     |
